i=100	time : 0.013000s
i=200	time : 0.026000s
